Publick Playhouse	(YEARLY TELEPHONE)


MISSING DATA:
        From         To    Days
0 2012-06-22 2012-07-06 14 days


                  Cost
Start Date            
1998         3590.5400
1999         6043.4000
2000         5828.3700
2001         4954.6600
2002         4710.9200
2003         6301.7800
2004         5637.1100
2005         2453.7600
2006         4179.1500
2007         5938.4000
2008         5892.5600
2009         4522.4700
2010         4494.3900
2011         4240.4600
2012        10396.9400
2013        14422.9100
2014        15785.6100
2015        14418.4900
2016        14650.2500
2017        13157.8100
2018         8723.4000
2019         5164.0197
2020         6763.9600
2021         1264.0600
