Publick Playhouse	(YEARLY ELECTRIC)


MISSING DATA:
        From         To    Days
0 1995-11-13 1995-12-12 29 days
1 2017-10-17 2017-11-16 30 days


                Cost
Start Date          
1994        23235.13
1995        28523.01
1996        27744.58
1997        29530.40
1998        26069.61
1999        29318.68
2000        25644.58
2001        19443.10
2002        30075.89
2003        20846.29
2004        33090.32
2005        29878.27
2006        33284.93
2007        38805.24
2008        44657.50
2009        36013.28
2010        41860.04
2011        39082.42
2012        33704.21
2013        30402.68
2014        34637.82
2015        29347.92
2016        31025.81
2017        25198.71
2018        28873.06
2019        27097.62
2020        22632.48
2021           43.68
