Publick Playhouse	(YEARLY NATURALGAS)


MISSING DATA:
        From         To     Days
0 1995-10-07 1995-11-06  30 days
1 1996-04-10 1996-11-06 210 days
2 1997-09-09 1997-10-08  29 days
3 2014-09-04 2014-10-03  29 days
4 2018-08-09 2018-10-10  62 days


                Cost
Start Date          
1994         5571.42
1995        10181.70
1996        10374.24
1997        12842.67
1998        11087.82
1999        10801.72
2000         7681.20
2001         2752.87
2002        12207.32
2003        13571.11
2004        14772.02
2005        18907.34
2006        14638.76
2007        14419.33
2008        13275.52
2009        12992.31
2010        12046.59
2011        10988.06
2012         9178.40
2013         8514.52
2014        10505.27
2015        10686.69
2016        10837.08
2017         7698.58
2018         7513.77
2019         7631.08
2020         7330.91
2021         3635.02
