Palmer Park Community Center	(YEARLY TELEPHONE)


MISSING DATA:
        From         To    Days
0 2012-06-22 2012-07-22 30 days


                  Cost
Start Date            
1998         2394.2400
1999         3789.5700
2000         4230.3400
2001         3570.8600
2002         3978.0600
2003         5571.3100
2004         5403.1900
2005         6241.4500
2006         3474.2800
2007         3923.0100
2008         3299.4300
2009         1694.8800
2010         1528.8100
2011         1516.8000
2012         1715.1100
2013          586.9400
2014          787.9500
2015        11190.3800
2016        14519.2200
2017        11348.2200
2018         9526.1300
2019         3929.7897
2020         6103.3300
2021         1203.9800
